13.043088070551555
7.5414273579915365
5.745957199732462
5.2408810218175255
4.919750666618347
4.59890585343043
4.214721878369649
4.002802471319835
3.7554252823193868
3.571068545182546
3.446546399593353
3.3864811102549237
3.2697375774383546
3.2097298741340636
3.1314552068710326
3.061836338043213
2.9778990109761554
2.9003376324971515
2.90237344900767
2.8030422568321227
2.795751969019572
2.720627045631409
2.7147393902142842
2.654203140735626
2.641699794928233
2.651903299490611
2.6271736224492392
2.573741835355759
2.5158407926559447
2.5204355756441754
2.515797879298528
2.4425889352957406
2.4361415803432465
2.377626423041026
2.388734930753708
2.3394129435221354
2.3912613928318023
2.3405296325683596
2.3170519630114237
2.2997503876686096
2.314395616451899
2.2328650017579394
2.2543363829453784
2.235371373097102
2.218706383307775
2.2186904430389403
2.165539546807607
2.119730297724406
2.1914744774500527
2.2005921244621276
2.4337728455826477
2.3913993324552263
2.2859843510847826
2.216793575129666
2.174160991396223
2.0637298206706625
2.0656667973969007
2.0474789221208174
2.0309277995602115
1.9880192685913254
1.9597947230705848
1.958689463007581
1.9342730713414622
1.9072460669737596
1.8599791867392403
1.870386439365345
1.8470455460496
1.835763585436475
1.7879342351640974
1.7561782991493142
1.7506532315369492
1.727126269550114
1.7312043381261302
1.697945814866286
1.7367059398483444
1.6642644549464132
1.6767511079599569
1.666260038103376
1.6886973354842636
1.626579224408328
1.6683085488749074
1.6369360632948824
1.6126132941508031
1.6031794128837167
1.569373362666958
1.5889131276162116
1.5704510749041378
1.5084262745721
1.5189836948782534
1.615837004158523
1.5071549952685177
1.4853620424375429
1.5067805903298515
1.533759703347971
1.5682862748156536
1.4595810613789402
1.471648362966684
1.461596897670201
1.4333375142170832
1.4415170353847546
1.4045514903225742
1.412853581564767
1.4029646908843911
1.42540286727004
1.388087748171209
1.3901348552861057
1.3512329079292633
1.3670868965295644
1.3520425643239702
1.3666059636807704
1.3793309802537437
1.347887063419426
1.3664047783547706
1.3591056911499946
1.3662647735941542
1.3396430205512833
1.3209760457604796
1.3343372384270469
1.3480266273676693
1.3176163755930388
1.3096481293112368
1.3021557494834228
1.3228249720164709
1.264994910130134
1.315415919482053
1.2704537137524112
1.2866938330314972
1.260327425631848
1.2494581498942532
1.2609438411482088
1.2443888324957628
1.2743095591828064
1.2195267323609238
1.2291293471724123
1.2525313922337122
1.2543372020616637
1.240824628662277
1.2311547136568761
1.2011072236103015
1.2343083331873128
1.22037788603332
1.2194831259958037
1.1800761818885803
1.2001114841345901
1.1765363360499288
1.2153615584740272
1.2369284800120763
1.1570713768948566
1.1890481173337162
1.194489972277002
1.164288348549015
1.1863647221208928
1.2069044407907423
1.1782081107516864
1.1703239522137485
1.1907660142406002
1.1734474235838586
1.1965136678664239
1.1546577961890252
1.1724120850091453
1.1548493674823217
1.1553433321334503
1.1424763464665675
1.138542625275287
1.1804729785237993
1.1602704125446277
1.1863973494414444
1.2075053951242467
1.1973596536196196
1.202575765468262
1.1807858079344362
1.1503044707434518
1.1791969799733424
1.1762538257535997
1.1524826144124125
1.1318294903734227
1.1687707069155935
1.147044306927985
1.1582217072392558
1.151769091794779
1.1401167256491525
1.1362104324194102
1.1430750449935159
1.171063848904201
1.1404495376806993
1.1408205399146447
1.149681955248445
1.14966831102476
1.1562776604851523
1.0960666340786023
1.135161103783073
1.1439016553071828
1.1265926642732307
1.1157155921171
1.1369721411348699
1.1563241940278273
1.138158103266915
1.1339147582158937
1.098880959736122
1.1461928323075012
